48
o<>u<>n<>1 3 2 4 1 1 1 
y<> <>t<>1 2 8 3 2 1 1 
 <>H<>G<>1 8 1 1 1 1 1 
n<>a<> <>1 4 2 8 1 1 1 
h<>e<> <>1 1 3 8 1 1 1 
i<>l<>i<>1 3 1 3 1 1 1 
 <>Z<>i<>1 8 1 3 1 1 1 
m<>e<>n<>1 2 3 4 1 1 1 
D<>o<>c<>1 1 3 2 1 1 1 
e<>n<>t<>1 3 4 3 1 1 2 
e<>d<> <>1 3 1 8 1 1 1 
(<>D<>o<>1 1 1 2 1 1 1 
c<>u<>m<>1 2 2 2 1 1 1 
a<>m<>p<>1 2 2 1 1 1 1 
u<>n<>t<>1 2 4 3 1 1 2 
e<> <>H<>1 3 8 1 1 1 1 
 <>c<>o<>1 8 2 2 1 1 1 
W<>o<>r<>1 1 3 1 1 1 1 
 <>t<>h<>1 8 3 1 1 1 1 
o<>c<>u<>1 3 2 2 1 1 1 
m<>p<>s<>1 2 1 1 1 1 1 
t<>y<> <>1 3 2 8 1 1 2 
H<>G<>)<>1 1 1 1 1 1 1 
u<>m<>e<>1 2 2 3 1 1 1 
c<>o<>u<>1 2 3 2 1 1 1 
n<> <>Z<>1 4 8 1 1 1 1 
n<>t<>y<>1 4 3 2 2 1 1 
 <>(<>D<>1 8 1 1 1 1 1 
k<> <>C<>1 1 8 1 1 1 1 
o<>r<>k<>1 3 1 1 1 1 1 
Z<>i<>l<>1 1 3 1 1 1 1 
y<> <>(<>1 2 8 1 2 1 1 
C<>a<>m<>1 1 2 2 1 1 1 
i<>n<> <>1 3 4 8 2 1 1 
t<>e<>d<>1 3 3 1 1 1 1 
p<>s<> <>1 1 1 8 1 1 1 
t<>h<>e<>1 3 1 3 1 1 1 
d<> <>b<>1 1 8 1 1 1 1 
n<>t<>e<>1 4 3 3 2 1 1 
s<> <>i<>1 1 8 3 1 1 1 
 <>b<>y<>1 8 1 2 1 1 1 
 <>i<>n<>1 8 3 4 1 1 2 
 <>C<>a<>1 8 1 2 1 1 1 
l<>i<>n<>1 1 3 4 1 1 2 
b<>y<> <>1 1 2 8 1 1 2 
r<>k<> <>1 1 1 8 1 1 1 
i<>n<>a<>1 3 4 2 2 1 1 
a<> <>c<>1 2 8 2 1 1 1 
